100000 0.06402465105056762 0.004301106957565688 0.06434333324432373 0.0030584335327148438
500000 0.06640059947967529 0.0060117926850440095 0.06846296787261963 0.004013419151306152
1000000 0.07770814895629882 0.004145885092656621 0.0786358118057251 0.002897500991821289
5000000 0.17583673000335692 0.00570591805255414 0.1763763427734375 0.0030840635299682617
10000000 0.3133090496063232 0.006989141183018873 0.3129122257232666 0.005887866020202637
20000000 0.58004310131073 0.018284289323723283 0.5768876075744629 0.01188361644744873
30000000 0.8309992790222168 0.013605313812911073 0.8271942138671875 0.007487893104553223
40000000 1.0815084815025329 0.01940241495273322 1.0795031785964966 0.016570568084716797
50000000 1.350519871711731 0.026622919436072544 1.3490374088287354 0.018474221229553223
60000000 1.6043425917625427 0.025432750256014627 1.6043708324432373 0.01862025260925293
