100000 0.05482512712478638 0.00532347462713153 0.05655801296234131 0.003044605255126953
500000 0.05428832769393921 0.005566989943933842 0.053481340408325195 0.005588412284851074
1000000 0.06720776557922363 0.004441904521109625 0.0685797929763794 0.002634406089782715
5000000 0.1651945471763611 0.00570669474148638 0.1665555238723755 0.004386186599731445
10000000 0.30911649465560914 0.014424087508972632 0.30583667755126953 0.004499673843383789
20000000 0.5739392399787903 0.011974430660445264 0.5723830461502075 0.005784392356872559
30000000 0.8419819235801697 0.019790650031632755 0.8418123722076416 0.017406582832336426
40000000 1.0995831608772277 0.01520093410359321 1.1021028757095337 0.010595202445983887
50000000 1.3530054330825805 0.01970507386191617 1.350725531578064 0.015675902366638184
60000000 1.6208749413490295 0.019348154286172113 1.623051643371582 0.016824007034301758
