100000 0.11513110399246215 0.009913208237932156 0.11303520202636719 0.0061997175216674805
500000 0.11888508796691895 0.03006912006885355 0.11044883728027344 0.005569577217102051
1000000 0.12540048360824585 0.03017292310740442 0.11912000179290771 0.004838705062866211
5000000 0.18030400276184083 0.0300918567999929 0.17398226261138916 0.0061522722244262695
10000000 0.23377039432525634 0.041327953243436896 0.22547996044158936 0.01100015640258789
20000000 0.3408655166625977 0.04436877743109233 0.3259086608886719 0.009542226791381836
30000000 0.4338611960411072 0.021248102551255196 0.4327963590621948 0.012808084487915039
40000000 0.544489049911499 0.05744257134590188 0.529389500617981 0.013076305389404297
50000000 0.6391856670379639 0.058966246578964474 0.625320315361023 0.013881564140319824
60000000 0.748959231376648 0.0762545375322616 0.7287906408309937 0.01644158363342285
