100000 0.08341678380966186 0.008074391991816348 0.08435964584350586 0.004474282264709473
500000 0.08893173933029175 0.03548877894030131 0.08178305625915527 0.0034952163696289062
1000000 0.08754926919937134 0.006939559719907294 0.08869063854217529 0.004878997802734375
5000000 0.19161888360977172 0.012622245368827837 0.19030511379241943 0.009472966194152832
10000000 0.3034708142280579 0.02163892544273908 0.3035546541213989 0.017476201057434082
20000000 0.5166520476341248 0.019751346565244108 0.5129265785217285 0.012097358703613281
30000000 0.7325750827789307 0.022499018172042393 0.7315471172332764 0.011707901954650879
40000000 0.927630877494812 0.054165677927590444 0.9147195816040039 0.027069807052612305
50000000 1.1269647240638734 0.054796058804727675 1.1174651384353638 0.029780983924865723
60000000 1.5227277040481568 0.11908068316333743 1.5516316890716553 0.05693352222442627
