100000 0.10219569206237793 0.01984312077730025 0.09917628765106201 0.004778742790222168
500000 0.10050987005233765 0.006572927424378781 0.10029172897338867 0.0022884607315063477
1000000 0.10869299173355103 0.006252979801059651 0.10695445537567139 0.003966212272644043
5000000 0.20864462852478027 0.011735757701173749 0.20724737644195557 0.008875846862792969
10000000 0.3237162232398987 0.022226647970325496 0.32407450675964355 0.01306915283203125
20000000 0.5218634009361267 0.029948962858379193 0.514441967010498 0.013936638832092285
30000000 0.7301848530769348 0.045774751578562284 0.7200154066085815 0.03022134304046631
40000000 0.9299241542816162 0.05324216215578565 0.9207648038864136 0.02226412296295166
50000000 1.1356706857681274 0.060080549619641904 1.1253859996795654 0.03111100196838379
60000000 1.5429826378822327 0.10034504934200116 1.5654098987579346 0.04908466339111328
