100000 0.06425796747207642 0.015589672748758054 0.0634223222732544 0.006962418556213379
500000 0.05429896116256714 0.005498839852722763 0.055328965187072754 0.004312872886657715
1000000 0.058721184730529785 0.004415500585304696 0.05886721611022949 0.0027414560317993164
5000000 0.08546054363250732 0.007440036014962562 0.08454000949859619 0.0056531429290771484
10000000 0.10203684568405151 0.008248586760172554 0.10156583786010742 0.0046073198318481445
20000000 0.12472797632217407 0.009385099523563456 0.1254194974899292 0.005966544151306152
30000000 0.15633947849273683 0.01022901935213059 0.15639448165893555 0.006388306617736816
40000000 0.18473082780838013 0.011588124696687142 0.1824193000793457 0.004439115524291992
50000000 0.2141016960144043 0.012046143770110021 0.21230816841125488 0.004636526107788086
60000000 0.24022186994552613 0.01898343253470621 0.23426449298858643 0.007768392562866211
