100000 0.025301861763000488 0.02058520391310238 0.02056443691253662 0.0005447864532470703
500000 0.04983916282653809 0.004326077116762364 0.047910213470458984 0.0010292530059814453
1000000 0.09396790266036988 0.00661316135515482 0.09128320217132568 0.002585887908935547
5000000 0.4553365111351013 0.02917996689326964 0.4428142309188843 0.006429910659790039
10000000 0.9422218322753906 0.0706080206505212 0.9275315999984741 0.06368398666381836
20000000 1.906752920150757 0.08736650003793343 1.894378900527954 0.038390398025512695
30000000 2.7781139492988585 0.09325421865975353 2.7489665746688843 0.0376356840133667
40000000 3.7023809432983397 0.11641761922191662 3.6973565816879272 0.07906067371368408
50000000 4.579475712776184 0.11165141530597704 4.564966201782227 0.05580270290374756
60000000 5.674431896209716 0.10744076673730651 5.67293119430542 0.07526421546936035
