100000 0.09025038480758667 0.004131362030050758 0.09165966510772705 0.0026415586471557617
500000 0.08973289728164673 0.004760470024264663 0.08912098407745361 0.001412034034729004
1000000 0.09449989795684814 0.005665969592655477 0.09582662582397461 0.003492116928100586
5000000 0.14008868932724 0.004475369562178852 0.14074325561523438 0.0026967525482177734
10000000 0.207439386844635 0.006030055138736619 0.20760619640350342 0.004239201545715332
20000000 0.34129163026809695 0.008022130045021964 0.3399064540863037 0.005127668380737305
30000000 0.47448848485946654 0.018246068368548946 0.46996331214904785 0.009292364120483398
40000000 0.6026022791862488 0.0157107757976324 0.5991066694259644 0.006949424743652344
50000000 0.7332456111907959 0.012708083790743164 0.728786826133728 0.008015751838684082
60000000 0.8595142722129822 0.012324041160276735 0.8561235666275024 0.008089423179626465
